#流程连接关系
1:PPC-E001,15,16,31,40
2:PPC-E002,5,32,34,35
3:PPC-E003,5,23,24,37
4:PPC-E004,27,28,39,43
5:PPC-E005,2,3,6,9,40,41,42,43
6:PPC-E006,5,14,30,31
7:PPC-E007,18,33,34,41
8:PPC-E008,22,36,37,42
9:PPC-E009,5,26,38,39
10:PPC-E010,14,15,67,71
11:PPC-E011,18,19,67,71
12:PPC-E012,22,23,81,85
13:PPC-E013,26,27,81,85
14:PPC-V001,6,10
15:PPC-V002,1,10
16:PPC-V003,1,30
17:PPC-V004,30,31
18:PPC-V005,7,11
19:PPC-V006,11,35
20:PPC-V007,32,33
21:PPC-V008,33,34
22:PPC-V009,8,12
23:PPC-V010,3,12
24:PPC-V011,3,36
25:PPC-V012,36,37
26:PPC-V013,9,13
27:PPC-V014,4,13
28:PPC-V015,4,38
29:PPC-V016,38,39
30:PPC-T001,6,16,17
31:PPC-T002,1,6,17
32:PPC-T003,2,20,101
33:PPC-T004,7,20,21
34:PPC-T005,2,7,21
35:PPC-T006,2,19,100
36:PPC-T007,8,24,25
37:PPC-T008,3,8,25
38:PPC-T009,9,28,29
39:PPC-T010,4,9,29
40:PPC-T011,1,5,95
41:PPC-T012,5,7,94
42:PPC-T013,5,8,93
43:PPC-T014,4,5,95
44:ACS-E001,58,60,62
45:ACS-E002,59,61,76
46:ACS-E003,50,63
47:ACS-E004,51,77
48:ACS-E005,50,68,86,89
49:ACS-E006,51,82,87,91
50:ACS-V001,46,48
51:ACS-V002,47,49
52:ACS-V003,68,72
53:ACS-V004,72,82
54:ACS-V005,64,74
55:ACS-V006,74,78
56:ACS-V007,62
57:ACS-V008,76
58:ACS-V009,44
59:ACS-V010,45
60:ACS-V011,44
61:ACS-V012,45
62:ACS-T001,44,56,63
63:ACS-T002,46,62,64
64:ACS-T003,54,63,65
65:ACS-T004,64,66
66:ACS-T005,65,67
67:ACS-T006,10,11,66
68:ACS-T007,48,52,69
69:ACS-T008,70,72
70:ACS-T009,69,71
71:ACS-T010,10,11,70
72:ACS-T011,52,53,73
73:ACS-T012,72
74:ACS-T013,54,55,75
75:ACS-T014,74
76:ACS-T015,45,57,77
77:ACS-T016,47,76,78
78:ACS-T017,55,77,79
79:ACS-T018,78,80
80:ACS-T019,79,81
81:ACS-T020,12,13,80
82:ACS-T021,49,53,83
83:ACS-T022,82,84
84:ACS-T023,83,85
85:ACS-T024,12,13,84
86:ASS-E001,48,88
87:ASS-E002,49,89
88:ASS-V001,86
89:ASS-V002,48
90:ASS-V003,87
91:ASS-V004,49
92:SRR-E001,93,94,95
93:SRR-V001,42,92
94:SRR-V002,41,92
95:SRR-T001,40,43,92
96:ACS-E001,97
97:ACS-V001,96,105
98:ACS-V002,106,107
99:ACS-V003,105,106
100:ACS-V004,35,106
101:ACS-V005,32,108
102:ACS-V006,108
103:ACS-V007,108
104:ACS-V008,105,107
105:ACS-T001,97,99,104
106:ACS-T002,98,99,100
107:ACS-T003,98,104
108:ACS-T004,101,102,103
